13
3210 6 14 7 18 3 17 11
3354 4 15 1 8 14
4495 6 10 16 15 20 1 6
9413 6 20 4 3 18 10 8
4416 10 15 5 13 17 12 6 2 10 8 4
5093 10 18 9 11 12 2 13 14 17 19 16
2960 6 8 6 9 14 7 12
4577 9 8 19 1 10 6 20 16 15 17
7686 10 12 1 9 14 3 8 19 2 15 5
6965 8 2 6 9 7 5 4 12 13
9319 6 18 7 2 17 5 9
693 4 11 5 9 16
9931 4 2 7 12 10
10
8 10 20 10 16 6 4 8 16
4 18 17 5 4
8 10 16 20 8 12 19 16 15
9 12 3 2 8 5 12 13 2 12
8 20 15 10 16 15 8 10 20
6 18 2 12 8 15 13
10 14 11 2 13 8 9 3 18 14 7
6 20 16 17 8 16 17
8 14 12 4 13 4 13 16 6
3 15 5 10
17
7989 5 1 6 18 10 14
6865 10 14 6 12 17 1 11 18 4 13 19
686 4 10 3 6 18
9773 2 16 5
8250 10 4 11 3 12 10 19 18 5 17 1
9064 10 12 4 5 14 16 8 6 18 13 7
1975 7 14 7 5 1 13 10 9
8528 3 3 18 5
8928 5 9 2 16 7 19
8540 10 16 3 14 6 1 7 10 13 17 5
8672 10 7 18 9 12 14 17 13 15 10 16
7896 8 9 5 10 1 12 17 15 4
7456 5 6 4 8 17 3
6238 7 20 1 15 10 7 2 19
1041 10 16 9 14 7 4 8 6 15 12 13
544 9 14 4 6 5 11 9 13 7 18
5237 9 8 10 11 1 15 7 19 2 12
5
4 6 17 3 10
4 1 12 10 7
4 4 19 2 7
8 7 12 14 7 9 16 19 17
7 16 5 8 2 19 1 11
3
130 7 3 9 18 8 15 5 20
7286 6 12 5 8 9 18 20
2259 10 10 4 16 13 3 8 1 5 7 17
1
2 3 9
13
6084 2 14 20
1928 4 18 16 2 11
9504 9 17 20 14 5 19 8 6 15 13
3879 10 12 17 14 7 16 4 9 15 8 3
7731 3 7 8 15
2756 8 10 6 9 15 7 14 12 3
6348 10 9 16 13 12 14 4 1 18 2 7
352 9 16 20 7 9 18 10 6 12 17
4270 8 5 17 12 2 4 20 8 9
8656 9 11 12 16 17 3 18 9 4 14
4777 6 12 5 20 19 17 9
9749 6 15 2 13 19 9 20
5759 3 20 7 3
2
7 10 12 14 2 9 3 4
3 15 12 3
18
1445 8 9 1 4 3 14 10 15 20
663 2 7 13
8151 9 6 13 1 16 9 19 20 11 2
9379 5 18 2 4 12 14
7360 4 14 3 2 9
4405 5 14 8 2 7 16
8559 10 11 5 12 16 9 2 20 19 4 10
4284 9 7 14 12 4 17 9 15 8 10
3652 7 16 1 18 7 6 3 12
3598 10 14 17 8 1 13 16 12 15 5 20
1987 4 3 12 10 5
8973 6 20 2 18 10 17 9
476 5 17 20 3 9 12
5404 4 6 4 12 15
4859 8 7 15 10 17 4 9 16 2
393 7 1 12 17 20 11 15 6
3385 10 20 10 12 13 19 7 4 11 1 15
174 6 15 18 14 9 17 2
4
6 7 15 16 2 7 4
3 18 9 2
8 7 16 12 10 9 2 17 10
7 6 4 1 15 6 3 15
16
3630 9 6 19 15 16 1 7 8 4 10
5489 4 11 17 7 4
2017 6 6 14 16 12 15 19
1858 2 9 11
3290 7 10 11 4 1 6 2 19
1683 7 14 9 13 8 15 11 17
442 8 13 1 4 15 17 12 16 20
8007 5 14 20 4 3 16
4918 7 4 18 5 6 8 3 15
2176 9 18 9 6 4 1 13 7 17 19
7764 2 7 8
4531 2 18 15
8175 7 18 9 11 15 1 13 14
9560 3 10 12 8
166 7 15 6 13 8 11 5 17
8796 4 17 16 7 18
2
8 11 17 16 1 19 15 4 1
3 15 11 7
20
2242 7 18 13 15 10 14 16 17
3435 10 4 12 11 8 15 2 17 19 7 20
3748 10 11 2 16 18 4 6 5 10 19 20
1438 5 19 8 18 14 20
4799 10 3 18 10 16 12 4 2 8 1 14
8938 10 14 15 11 16 4 12 2 8 17 18
4795 9 13 5 8 2 16 6 12 1 15
4471 2 12 11
8507 4 15 2 20 14
5376 6 7 20 5 19 13 12
414 7 11 13 9 2 3 6 18
889 3 8 1 20
7850 10 7 2 11 6 3 5 15 14 20 4
9979 6 4 2 9 10 7 6
6041 6 7 20 17 8 1 18
8494 7 20 12 19 1 17 6 14
5489 9 17 16 20 4 1 14 5 2 15
2308 4 2 20 9 18
9008 3 12 16 19
5169 10 6 5 20 19 3 11 1 10 4 16
16
7 7 20 19 14 16 12 1
2 17 6
9 2 6 18 19 3 4 9 6 20
10 6 14 20 14 2 10 14 20 13 8
3 20 1 4
9 15 17 14 15 17 15 8 1 5
8 11 5 1 17 7 17 1 17
10 17 4 20 2 7 4 2 6 3 10
2 18 14
10 14 4 14 4 19 20 18 14 20 6
3 13 10 12
10 4 8 18 5 8 2 5 13 6 15
3 14 4 2
9 13 10 16 5 8 1 15 2 11
7 14 11 4 7 3 4 1
2 2 17
17
6738 3 8 9 14
7656 9 4 1 17 15 10 14 9 8 19
7053 6 12 18 10 9 4 3
2830 6 17 18 8 2 11 10
2176 4 19 7 12 9
4677 4 2 19 20 17
5412 6 16 20 7 15 3 4
1056 4 14 8 4 16
7610 9 10 18 4 20 7 3 19 12 11
7309 3 1 16 9
352 2 2 15
5946 8 10 13 2 7 17 8 20 3
2651 8 16 7 4 6 15 8 20 2
1454 4 16 17 2 3
7044 3 6 13 4
3431 7 12 11 1 10 3 5 14
7265 3 5 2 1
7
2 16 9
9 19 12 4 16 4 20 17 3 19
3 17 20 7
7 17 20 2 19 11 14 9
7 5 14 8 20 3 5 1
9 4 12 11 1 15 2 10 3 11
9 19 20 3 19 7 4 15 8 10
18
9343 6 12 13 11 18 14 15
2438 9 8 5 19 14 16 17 1 11 7
79 10 5 6 18 9 14 7 16 3 20 8
3205 8 17 15 11 3 2 5 13 19
3154 5 7 3 11 19 12
7051 8 5 20 4 15 18 9 10 3
1966 5 12 3 13 6 2
5563 2 7 10
4676 10 16 8 10 17 1 15 13 11 18 20
8022 6 14 16 2 11 5 6
1193 6 2 16 19 12 1 6
8624 9 7 19 16 15 18 11 3 10 9
7212 4 8 15 6 10
6870 5 9 8 18 1 15
1464 7 10 2 20 18 1 12 4
1279 9 8 17 16 19 2 11 15 7 13
8137 6 17 7 1 13 16 18
7305 5 16 15 13 7 20
20
7 17 18 8 11 7 19 16
6 2 7 9 15 10 20
10 5 1 16 20 8 2 19 11 18 12
5 10 1 13 11 14
9 14 6 10 17 7 9 7 3 11
10 12 18 20 4 10 4 15 6 14 5
2 8 5
4 5 14 7 3
7 10 4 3 2 19 14 16
3 8 11 12
6 5 4 3 8 16 17
7 2 16 15 11 9 3 20
3 8 20 12
5 8 10 13 20 18
5 17 13 2 5 15
3 16 15 13
5 17 7 3 2 1
10 16 18 9 16 15 18 11 5 10 18
5 7 18 7 19 10
2 8 20
13
711 5 9 10 6 4 15
7543 8 17 4 11 19 14 18 6 12
6843 4 6 12 2 3
4227 2 13 6
8740 9 6 17 9 14 13 11 15 18 12
4411 7 5 19 13 8 6 4 14
7020 5 3 16 2 8 20
405 7 19 4 16 20 6 18 10
5778 8 16 13 2 3 4 10 9 17
2198 2 5 12
4573 7 19 10 4 5 8 6 11
2740 6 4 18 2 9 1 20
800 7 10 16 7 1 17 9 5
10
4 6 4 18 12
3 19 6 4
5 4 6 12 3 8
4 6 11 14 11
2 17 9
3 16 2 20
5 4 6 9 20 18
3 13 4 18
3 3 17 11
9 3 17 9 12 2 1 20 18 1
19
1847 9 9 1 17 16 11 20 7 14 15
6358 6 10 2 13 8 4 17
3835 9 1 15 10 3 12 16 19 13 5
356 3 8 9 12
7757 9 9 10 14 2 13 16 3 11 5
3600 6 15 7 20 5 1 8
5340 2 5 3
1948 4 9 5 15 8
690 4 3 4 7 16
4882 4 8 15 1 18
6793 4 17 16 7 5
7089 7 14 17 9 7 13 18 11
6819 8 8 9 10 19 13 12 4 2
112 10 4 5 10 6 1 18 16 2 14 3
8728 5 12 13 10 9 19
6568 7 17 19 20 13 15 4 18
6576 3 18 12 6
2661 7 20 12 7 1 19 14 9
1812 4 15 9 7 6
16
10 18 6 18 2 4 6 18 11 20 8
4 5 6 14 11
7 15 6 1 14 5 1 9
4 15 10 6 14
8 10 2 4 7 14 9 16 3
3 9 13 17
2 3 5
2 5 14
7 9 10 19 13 19 4 2
8 5 18 16 7 1 13 8 4
10 5 18 6 16 7 19 4 2 3 5
9 20 14 15 3 19 5 10 1 17
8 3 13 11 20 14 9 12 2
10 15 6 18 16 19 2 13 11 5 3
3 8 2 11
9 12 5 8 9 11 20 4 5 3
18
6335 5 19 5 17 20 12
9685 6 9 20 3 8 1 11
3406 4 14 13 12 20
8486 4 3 7 19 14
8730 10 3 14 18 9 12 13 6 16 20 17
5468 2 11 18
6810 7 13 20 11 9 2 7 19
4355 6 17 18 14 15 13 20
8986 8 20 15 13 6 17 16 9 5
8356 8 3 7 17 15 14 10 5 19
8412 9 11 16 13 6 20 19 2 12 15
2023 3 15 6 19
3857 3 6 20 5
5953 10 17 7 20 1 4 19 11 10 2 9
1857 10 9 19 5 18 17 10 3 11 13 6
7105 9 20 18 14 15 8 3 4 6 19
8670 7 8 2 17 13 12 7 6
9076 5 5 20 14 17 13
9
6 19 2 12 16 20 9
8 20 14 20 7 15 6 5 13
9 6 16 20 2 6 20 9 12 7
5 14 20 1 2 19
8 20 9 7 2 12 6 12 7
2 13 6
7 3 14 20 16 2 15 19
7 13 6 15 20 1 11 9
3 5 17 10
13
5372 10 18 1 20 17 12 8 10 7 16 19
8978 8 2 5 4 11 16 12 7 10
8112 7 3 15 5 4 18 8 7
9557 10 3 16 10 13 15 19 1 11 4 20
7506 4 15 13 9 7
8086 2 2 11
8459 3 10 1 3
8931 7 9 7 19 12 11 20 4
422 8 5 3 19 18 15 13 8 11
1671 5 19 8 1 6 7
1611 7 19 7 18 3 20 15 13
7910 9 18 19 12 13 4 14 5 8 9
9855 2 13 10
1
2 10 1
20
926 8 12 4 7 20 19 9 10 1
3198 5 6 9 19 12 10
8796 6 15 19 2 8 12 11
3473 10 11 3 13 6 9 7 1 17 19 12
776 6 12 6 9 8 14 10
2896 6 4 10 1 15 5 20
9340 4 18 17 12 4
5501 4 18 1 4 15
5710 5 2 1 6 5 4
2362 10 4 18 7 8 1 3 16 9 14 13
7168 9 15 8 3 10 2 1 7 11 19
6449 7 12 20 18 8 10 17 14
1596 10 6 4 16 11 20 3 12 13 9 1
919 7 10 6 16 8 13 19 9
1987 4 17 14 20 2
3779 7 1 8 14 9 12 11 4
7955 6 12 4 18 11 1 7
7343 5 14 9 18 4 16
3549 10 16 18 8 6 14 3 10 7 13 9
9558 3 20 3 2
8
2 11 12
10 20 12 18 1 14 7 10 13 6 9
4 12 9 1 4
4 6 8 10 1
10 15 7 14 18 14 4 3 6 12 11
6 15 2 5 20 1 8
4 14 4 1 9
7 18 4 20 10 17 14 12
16
9204 3 18 7 16
8888 10 18 15 12 5 6 2 14 8 17 19
3306 6 20 13 11 17 15 1
1546 4 1 9 5 3
8127 9 5 17 1 13 15 19 10 2 9
1306 3 20 14 8
4395 5 17 5 8 2 12
2340 9 13 10 8 6 3 1 14 16 11
1850 9 2 13 8 15 17 5 11 20 19
924 2 12 18
659 10 12 15 13 19 1 11 20 14 6 10
7646 9 6 17 12 19 15 18 20 11 2
7462 8 2 6 15 3 7 18 13 5
5154 10 8 12 10 11 20 3 15 2 5 7
7834 3 8 7 4
2637 9 2 16 4 10 5 14 9 11 18
11
5 8 12 14 11 14
7 13 15 6 3 5 9 18
5 20 19 11 6 16
6 18 2 12 2 5 14
8 1 6 17 9 3 5 2 11
7 6 17 5 10 11 17 19
8 8 20 2 11 20 1 13 8
2 6 8
7 13 14 8 11 19 15 5
9 5 17 20 7 16 11 1 14 6
5 12 20 14 16 18
20
1739 2 3 19
1091 3 20 13 12
3354 9 2 20 14 15 9 11 12 4 13
6818 7 14 3 12 9 19 17 4
5438 7 5 2 20 16 4 12 15
155 4 20 7 11 5
8290 10 3 2 10 7 9 16 11 12 1 15
7413 5 10 7 9 2 17
8992 7 3 4 13 15 5 16 19
2316 3 2 13 3
643 9 14 13 10 9 4 19 17 3 5
3381 10 11 8 4 5 1 13 3 7 16 18
6903 10 4 8 20 1 3 12 19 15 5 14
1271 4 4 11 10 2
2498 4 5 18 10 12
8906 10 12 5 6 9 7 19 10 18 2 11
2312 3 19 11 10
5450 4 13 10 9 15
330 7 10 13 11 17 19 14 16
8932 3 1 9 4
5
7 12 19 4 12 9 11 19
6 4 20 15 12 6 9
10 13 3 4 13 3 4 5 12 9 11
4 13 9 12 15
5 5 1 4 1 9
11
283 6 5 15 14 7 18 13
6077 6 13 11 16 19 10 8
7010 4 9 3 2 18
6042 4 17 13 16 20
9284 6 1 9 11 7 5 10
7358 9 12 17 19 13 8 9 15 2 18
3167 4 4 19 1 15
2503 8 18 17 7 2 14 19 10 4
7024 2 7 13
2584 7 14 4 12 13 8 2 15
8187 8 8 16 17 9 19 20 10 18
20
10 9 2 14 18 17 18 17 2 18 14
7 14 19 8 20 18 17 19
9 17 16 20 18 2 18 14 2 15
3 5 13 15
5 12 19 10 18 14
9 14 7 14 13 16 20 18 17 10
6 13 11 5 14 12 13
3 17 13 10
2 7 10
9 9 11 5 18 4 15 14 12 13
6 13 16 10 18 7 2
6 7 10 18 7 19 10
5 8 9 18 13 15
3 7 10 18
4 4 13 16 19
2 4 1
3 17 18 13
4 12 8 9 20
5 4 13 15 18 13
7 9 18 14 7 13 9 2
12
8040 7 13 6 7 14 3 9 19
2717 8 4 5 7 11 15 6 14 12
5441 4 11 5 3 17
9741 10 8 13 4 15 7 19 11 5 10 12
2286 6 11 4 15 16 18 10
6995 7 9 20 4 10 13 19 5
6914 3 1 6 16
548 9 15 4 17 6 18 7 5 10 13
106 6 14 8 2 11 7 6
1430 4 19 10 2 8
7267 7 4 1 10 15 17 6 9
8873 10 1 11 16 4 15 10 2 12 18 13
8
10 13 7 6 13 5 11 12 13 11 10
9 11 15 5 17 6 9 10 8 19
6 11 10 6 9 19 10
4 15 5 12 13
9 9 19 5 10 13 19 10 6 9
7 13 4 12 18 13 5 7
10 1 10 15 10 9 10 19 5 12 13
5 13 9 10 12 18
14
2419 3 6 3 10
7008 3 15 9 8
9130 2 16 11
8183 4 14 4 6 9
9367 8 7 10 2 12 9 5 16 18
7955 8 5 10 20 19 15 18 14 16
8317 6 12 15 1 20 5 17
2405 6 13 14 4 9 3 15
4940 3 4 17 14
287 9 4 13 1 17 10 12 11 2 9
2475 9 9 4 16 12 10 17 7 18 15
7756 4 10 13 4 16
2229 7 3 9 11 20 14 13 6
5826 4 11 1 18 5
1
2 12 9
17
852 8 16 5 10 8 7 11 12 4
2090 10 7 1 3 4 5 17 2 16 15 11
6035 9 15 3 4 2 16 19 14 18 12
4228 9 13 17 6 3 19 2 11 1 9
4071 2 10 14
5732 5 20 18 17 8 2
461 2 6 8
7307 9 5 16 3 18 6 12 8 15 14
6838 5 4 19 7 8 14
5555 7 7 8 11 18 9 2 19
2951 7 16 11 10 4 18 1 19
1580 9 19 7 16 15 14 12 18 11 4
3524 7 10 8 20 5 11 4 19
8036 3 1 7 19
4587 10 17 12 3 9 18 1 2 4 13 7
3440 9 19 16 6 8 3 4 1 12 18
7049 5 15 6 14 2 4
3
7 7 2 19 12 13 3 17
6 19 18 8 11 18 19
8 20 8 5 3 18 12 18 19
18
9298 9 9 7 13 15 6 19 20 3 5
7571 10 15 5 11 12 8 19 13 17 20 18
7684 8 11 7 17 14 20 16 2 10
595 4 20 9 11 17
1903 6 17 19 7 16 1 6
3091 3 13 6 2
4939 6 5 13 7 19 6 20
905 10 5 18 4 17 6 1 3 9 11 7
747 4 20 17 12 16
7405 6 17 19 2 6 14 3
6766 7 7 18 20 4 17 3 13
9569 6 2 16 9 15 17 12
5444 4 12 17 3 19
9485 6 8 7 16 15 4 1
6272 2 13 15
8646 8 6 13 11 3 10 20 2 18
4049 3 3 17 10
2448 8 9 18 6 8 2 4 3 10
3
8 5 20 18 3 13 5 11 17
8 7 17 19 14 10 2 10 18
6 20 4 9 17 19 2
13
6933 5 20 3 15 2 13
951 7 18 12 8 5 16 13 17
3182 5 10 6 3 19 14
6254 10 1 18 4 15 17 11 12 6 2 20
4025 7 15 11 3 19 10 1 8
1936 8 11 5 13 17 16 18 12 9
9829 8 10 3 14 5 12 6 19 1
1115 4 6 9 4 20
4101 7 2 18 3 19 5 7 12
888 5 9 6 20 18 14
4490 6 5 16 12 15 7 14
2031 9 10 11 6 8 1 12 20 18 4
9739 3 18 5 15
3
6 15 1 2 13 17 12
10 2 3 13 12 20 2 5 16 7 12
6 1 4 2 3 15 8
18
9086 9 1 15 10 8 6 2 12 16 7
8779 6 14 10 1 2 16 7
2108 5 11 8 6 3 12
5446 3 9 7 17
9145 6 16 10 4 7 17 18
8226 5 19 13 1 7 2
8552 4 4 14 1 9
3973 3 2 6 12
5844 4 10 11 7 12
4122 8 3 18 6 11 1 17 16 15
1341 9 17 13 9 19 16 20 14 18 5
4973 3 10 15 5
802 9 7 10 14 2 5 9 17 19 3
7975 5 7 10 8 11 2
2465 8 2 19 20 15 4 7 17 12
3267 5 9 3 16 12 1
693 6 12 9 11 13 19 14
2450 4 17 15 9 7
16
10 4 18 16 14 1 16 18 1 17 14
8 4 1 16 17 14 2 9 14
5 12 7 18 17 19
8 2 4 14 17 14 17 18 5
4 11 6 17 9
10 11 1 16 7 19 12 9 11 12 16
2 4 17
5 7 18 1 16 15
6 11 7 14 5 19 7
3 14 16 18
3 19 20 7
3 12 9 7
4 11 15 9 19
6 14 5 9 19 2 12
5 1 16 14 5 9
3 3 11 13
4
3747 7 4 18 20 11 5 1 14
818 5 4 12 18 11 1
1767 2 3 19
9461 9 10 13 2 18 19 8 9 4 5
4
3 10 9 4
2 4 18
2 4 1
5 10 8 9 4 1
19
5231 5 19 16 11 4 18
7883 3 15 19 3
4893 6 10 14 2 13 6 4
6768 4 3 14 6 15
7531 3 9 1 20
630 2 1 7
2821 5 4 20 6 9 5
3831 2 20 16
3394 9 10 5 9 3 18 12 14 13 16
7868 2 10 7
8802 8 15 10 16 13 18 17 9 6
9368 10 8 9 12 1 18 6 19 4 13 15
9884 10 1 17 5 12 2 8 13 18 11 15
1426 5 13 16 8 6 15
4135 9 17 12 2 13 20 18 3 15 5
8458 9 15 11 9 17 5 8 7 13 16
3031 3 20 19 5
6617 5 17 5 9 10 15
7257 4 8 15 13 17
4
5 8 15 9 3 15
10 15 16 6 15 18 6 15 19 15 16
2 20 6
8 19 16 18 5 12 15 16 6
12
8285 9 1 5 9 17 18 15 19 16 12
6475 6 16 10 17 4 15 5
5930 7 1 8 10 7 6 16 12
230 9 20 8 9 19 13 15 2 11 5
9331 10 3 5 18 4 10 8 1 16 12 13
36 7 12 13 3 5 10 16 8
8585 8 15 6 3 19 5 8 12 4
453 10 11 19 17 12 13 4 20 1 5 8
2504 3 8 9 14
7896 8 8 17 11 16 5 13 4 1
1372 9 12 2 19 4 9 3 16 10 5
2468 4 20 10 13 9
7
2 3 10
9 16 12 20 10 16 15 8 12 13
3 3 8 11
8 8 9 18 4 8 15 12 8
7 11 13 10 12 13 11 20
10 20 1 8 1 13 16 10 13 11 19
4 12 1 12 4
17
651 8 16 28 3 11 21 6 5 17
301 6 4 30 16 2 23 18
864 8 9 23 21 13 17 8 14 10
159 5 25 27 18 16 13
1462 3 8 16 25
1101 2 2 28
1131 10 17 24 25 9 29 2 7 27 4 6
1053 6 18 22 12 6 10 15
521 6 16 10 3 30 28 29
1558 3 11 19 28
695 2 11 7
716 10 14 3 1 19 6 13 18 29 24 25
679 9 13 23 21 5 11 10 12 27 3
32 2 24 19
48 9 21 11 22 14 23 28 15 26 4
1181 6 7 17 30 11 6 23
81 4 12 25 26 23
3
4 17 2 27 4
9 25 29 27 16 29 7 6 15 26
9 13 17 30 29 2 7 27 3 18
17
1688 4 12 30 14 27
1635 8 24 30 12 13 4 2 6 16
1319 10 24 8 9 1 13 22 27 16 3 12
1429 6 23 2 25 20 10 18
396 10 6 14 5 22 30 26 13 28 19 8
985 6 18 26 11 29 23 8
648 9 15 4 21 1 10 28 14 6 2
117 9 23 6 28 10 25 11 19 21 26
820 9 1 10 24 22 14 4 9 17 3
46 7 14 6 7 9 30 17 15
444 8 6 9 19 7 30 1 16 3
1303 5 14 9 30 22 8
903 8 25 28 17 5 20 6 22 7
1251 10 24 26 30 21 28 13 9 15 10 6
1393 4 4 18 6 1
1009 6 14 10 11 12 19 13
1028 7 28 14 18 10 29 26 4
13
4 18 26 8 16
6 18 26 28 14 13 9
6 15 6 1 2 25 22
6 6 1 2 18 29 23
6 24 30 17 6 30 9
9 6 26 21 2 16 3 12 13 9
2 24 13
7 25 17 22 16 3 12 30
5 14 22 28 13 4
3 6 7 9
7 15 1 22 8 1 16 3
5 14 26 10 19 16
3 18 23 2
19
1506 5 19 16 12 1 23
1410 3 30 19 28
1334 2 28 16
1991 6 22 26 21 7 19 23
939 3 6 25 27
1360 5 13 14 10 26 15
1614 6 30 2 14 7 8 15
34 5 9 7 22 10 3
773 9 3 6 28 23 21 30 19 16 4
1329 10 1 16 8 21 2 4 20 5 13 17
1880 5 17 9 2 28 11
682 5 19 28 10 22 1
1585 9 18 9 21 16 14 25 30 7 1
1309 5 26 20 24 2 19
1210 4 21 29 26 1
147 6 15 26 25 28 9 11
1826 3 11 6 30
772 9 1 7 27 21 26 30 10 12 3
114 10 27 22 14 1 25 20 13 7 9 15
2
3 6 16 5
8 30 14 26 12 1 2 11 30
16
14 8 11 15 6 19 26 1 17 27
1203 7 27 25 8 9 15 18 19
596 4 17 28 25 21
1211 10 18 24 8 19 9 13 21 5 3 12
304 6 24 17 22 14 12 1
995 10 22 26 17 7 25 3 2 8 27 21
254 10 22 23 11 7 20 13 19 21 26 1
1427 4 23 17 20 13
50 6 3 9 26 1 28 11
1846 8 22 8 13 25 3 1 4 30
1584 2 18 8
1989 8 24 15 18 29 21 30 3 1
1848 9 19 14 5 17 21 29 30 7 25
1481 4 25 6 24 3
1345 7 10 28 21 27 25 26 11
357 4 29 21 2 10
14
4 24 9 28 21
9 27 18 24 3 28 21 29 7 13
3 22 4 30
7 18 29 1 27 25 21 27
5 11 26 1 11 17
2 23 11
10 29 3 8 19 3 11 26 25 21 12
10 29 10 11 19 21 30 1 11 26 17
8 25 3 1 30 3 9 12 1
6 22 11 1 28 27 19
8 24 3 2 27 25 6 19 25
5 17 3 2 27 11
3 11 19 5
6 11 13 25 21 26 27
16
1188 9 26 29 8 23 14 5 12 18 30
1545 2 13 30
140 8 1 7 19 3 17 22 21 25
319 8 27 16 15 11 12 2 22 10
1236 10 2 3 24 29 6 1 9 27 12 22
1456 5 7 19 10 15 27
622 9 26 29 19 8 3 30 15 25 20
1654 4 19 24 14 5
135 7 26 23 4 30 24 21 11
1319 6 9 25 14 16 2 3
525 6 1 23 28 20 24 29
1813 4 13 22 9 7
1725 10 12 26 27 3 5 13 29 4 20 25
1956 4 5 15 9 30
1066 9 22 28 24 15 3 30 12 5 4
1357 9 1 4 2 25 7 10 5 29 19
4
5 19 14 16 2 9
8 5 12 27 16 12 22 30 21
3 5 4 10
5 22 10 15 27 22
15
642 6 18 19 17 14 24 10
218 9 26 28 25 16 21 1 27 10 9
1476 5 24 21 4 13 23
1625 2 24 16
753 2 26 8
98 10 16 7 9 25 24 29 23 1 26 4
1331 8 22 1 26 21 15 17 2 4
1537 8 22 9 2 13 27 3 18 10
480 2 10 11
870 8 13 4 14 16 19 9 30 8
622 7 2 16 3 4 7 28 22
1319 3 24 26 2
974 9 11 14 12 29 10 22 20 30 24
773 10 6 17 16 20 19 29 12 18 4 26
66 6 6 14 3 2 16 21
1
10 26 4 26 25 23 4 28 16 21 4
20
984 6 27 10 24 9 2 22
650 8 1 2 7 15 17 16 8 30
1429 2 5 15
1617 3 27 28 1
1857 6 25 30 6 11 1 18
1397 10 27 23 10 17 16 9 14 13 4 6
314 9 24 5 15 7 21 16 18 6 19
1614 4 30 25 14 26
1080 6 1 5 25 23 13 20
1358 8 26 16 21 28 23 27 22 1
1279 6 6 1 27 21 28 16
1286 9 1 8 26 27 2 30 21 25 4
1273 8 14 27 28 15 30 1 5 29
1587 10 7 21 13 9 17 28 23 15 27 11
1269 3 3 24 22
814 3 16 17 15
1764 9 25 26 12 27 9 2 22 18 15
190 10 18 30 20 29 10 13 4 12 8 19
1421 6 21 29 22 9 18 5
1843 8 1 3 19 26 18 6 9 22
1
3 6 1 23
18
1612 4 10 1 29 27
983 5 5 24 20 11 12
1809 6 7 29 15 8 1 11
275 9 7 16 11 2 25 6 3 26 10
1708 9 17 23 1 5 29 13 26 2 20
333 5 14 1 6 13 21
1966 3 6 29 20
1281 10 21 23 22 2 4 18 13 5 1 11
45 10 2 30 20 18 28 15 16 21 17 11
1338 8 10 8 26 16 1 9 18 19
1555 6 5 6 15 16 21 29
1793 2 2 20
47 10 26 18 20 16 10 23 14 13 28 6
428 10 10 20 17 2 21 5 12 1 8 15
611 9 15 19 20 26 4 25 5 14 29
1691 6 1 21 23 11 6 3
508 5 5 19 25 13 30
1712 7 13 11 20 2 29 22 15
5
4 7 2 11 2
7 14 13 11 29 20 5 6
5 10 17 21 11 3
9 10 18 16 28 16 25 10 9 18
8 15 16 10 15 20 11 2 22
11
1525 8 25 22 26 19 7 15 9 10
224 3 29 3 26
282 7 6 28 24 14 20 11 5
570 10 5 10 4 24 23 16 9 14 1 18
1554 6 27 23 22 3 1 18
1378 7 10 15 1 21 27 22 12
1008 3 3 6 15
1657 9 23 8 4 1 27 20 17 5 25
683 8 19 29 12 23 26 14 25 8
1811 10 6 19 24 8 11 3 18 26 7 23
756 4 9 1 21 20
5
6 10 1 27 3 26 10
7 6 15 22 18 7 10 1
6 5 4 9 21 22 3
8 10 14 11 7 9 10 23 25
6 6 28 11 7 9 1
15
260 7 20 14 22 13 16 19 24
906 10 17 30 2 24 12 25 18 16 1 14
1739 10 10 28 14 17 30 16 24 22 1 29
225 9 23 6 25 21 1 19 27 12 17
238 10 14 15 27 30 7 20 28 12 13 9
1680 2 18 26
961 7 19 4 22 16 20 5 10
1262 10 24 11 4 21 3 5 10 17 23 14
895 9 30 21 29 16 26 28 13 9 19
1921 10 11 16 1 24 26 19 8 18 6 7
1934 5 28 10 7 1 18
103 6 19 17 24 8 11 13
157 7 25 15 4 8 18 3 17
1159 10 20 29 25 9 6 2 27 19 30 17
341 8 10 11 16 21 12 24 1 30
8
10 20 14 19 7 20 19 17 29 26 19
7 24 1 17 14 22 10 1
8 23 12 1 14 1 19 24 26
2 20 9
2 30 16
4 14 28 1 8
5 24 1 14 27 30
2 28 9
14
682 2 6 23
1613 10 12 22 26 20 23 30 13 6 27 16
1316 4 17 16 15 28
782 5 26 22 15 12 20
1174 6 2 12 1 30 18 13
1682 3 5 29 26
204 3 19 4 29
468 4 22 30 27 28
918 8 28 26 6 1 4 5 13 30
345 8 2 12 30 7 25 18 24 9
782 2 4 29
1401 2 30 8
516 9 9 24 5 30 3 6 2 15 14
1167 7 6 3 9 13 29 18 4
2
6 9 2 30 3 9 15
8 28 30 18 24 15 12 22 23
19
980 9 15 21 30 25 24 27 19 13 17
1199 6 28 5 24 25 29 17
1736 10 27 30 7 19 10 9 4 5 3 22
1034 4 17 10 15 13
219 6 6 12 15 26 8 22
747 7 11 2 26 5 14 6 28
875 7 14 22 7 11 16 3 15
345 2 25 6
1235 7 30 17 22 2 21 3 18
1721 9 28 3 10 29 24 23 13 19 27
519 8 6 25 14 12 9 1 26 17
1130 4 23 6 9 16
564 10 26 13 27 1 16 14 6 18 2 28
1803 3 23 13 27
1237 9 3 6 4 20 30 15 12 7 16
1600 5 6 14 29 7 16
370 4 26 17 5 11
1341 5 21 27 17 23 19
70 4 30 27 10 15
18
6 14 1 6 12 15 25
3 28 23 19
2 17 15
6 3 15 26 17 13 17
4 30 27 16 28
5 11 28 5 11 6
2 27 28
8 28 24 29 27 14 12 1 28
3 28 27 13
4 3 18 2 28
3 15 22 3
3 30 18 2
6 6 28 3 18 28 10
7 11 16 18 2 28 13 27
2 23 6
9 11 16 3 20 12 15 13 16 3
8 11 28 29 23 19 13 17 22
10 27 28 25 9 17 18 2 5 22 11
17
1921 10 22 5 8 3 24 23 10 15 28 18
153 9 11 18 25 28 10 12 9 22 13
1692 8 12 24 9 19 2 1 22 14
715 2 1 24
543 9 11 29 3 23 12 8 24 16 1
422 8 7 19 1 29 2 18 16 30
1823 8 3 29 1 7 27 2 17 6
871 3 1 26 8
708 4 27 21 30 17
1772 7 21 25 17 23 30 29 10
589 10 3 20 24 27 19 6 9 30 23 4
996 3 8 14 21
890 10 4 12 29 15 14 25 19 5 9 22
1855 9 8 12 22 4 29 2 28 13 9
1633 9 11 12 23 8 20 18 17 4 7
1898 8 19 15 2 29 23 25 21 24
964 4 15 8 26 17
4
2 19 24
3 21 17 30
4 11 8 1 16
4 11 18 10 28
20
1597 2 1 30
1176 8 29 23 16 1 26 20 8 30
1353 4 13 30 21 16
1807 9 13 7 14 1 27 17 26 15 19
780 6 17 30 25 27 4 18
283 7 16 6 20 25 21 2 13
544 2 14 20
1839 6 27 15 6 18 3 25
1990 3 4 17 23
1473 10 28 4 18 13 20 29 30 26 12 5
1755 7 10 28 2 5 30 7 12
187 2 13 2
1924 10 2 5 15 16 3 4 11 23 28 17
660 7 10 17 29 16 26 3 27
1588 4 5 12 21 26
429 10 7 18 17 5 25 14 12 2 15 23
1426 7 20 3 8 18 19 28 14
1837 8 2 18 21 14 1 15 23 13
1736 4 27 30 22 14
1460 7 6 2 24 21 9 8 23
1
2 7 25
16
1377 9 29 5 12 28 3 21 30 13 15
722 10 15 13 6 20 24 2 22 4 27 18
1333 7 14 26 24 8 27 1 22
974 3 17 9 14
1152 5 25 2 3 15 11
775 3 15 3 20
1795 9 27 13 10 9 25 6 1 16 7
650 4 8 26 12 25
1172 5 28 23 1 11 10
536 3 23 20 18
213 5 13 29 27 2 30
820 10 15 28 14 2 7 23 8 21 12 3
122 5 25 26 23 22 28
199 10 6 18 17 22 15 2 9 30 24 26
1310 8 10 21 17 19 8 2 23 9
1904 10 27 3 26 23 11 30 2 7 21 15
1
10 6 22 4 18 24 22 4 18 24 8
16
355 3 29 3 2
1517 10 27 19 5 11 7 24 10 3 16 21
758 3 18 12 22
1621 8 21 20 22 15 27 2 24 26
824 8 27 1 8 6 4 22 29 26
653 6 19 8 13 18 20 7
208 8 8 2 10 17 18 12 28 3
1216 4 20 28 5 23
660 2 27 28
1347 6 4 19 2 14 21 7
1842 10 14 7 27 13 2 11 3 5 30 15
106 9 30 7 21 11 17 5 22 24 1
39 10 12 11 22 18 25 9 4 3 29 28
1230 2 11 25
416 5 22 30 9 5 16
1330 5 20 21 23 5 11
1
8 22 27 5 3 15 24 21 20
20
1119 6 17 24 9 12 1 4
1209 4 18 30 13 9
116 8 10 7 22 11 17 9 13 28
1489 8 10 24 5 28 18 3 20 7
1076 3 6 17 23
112 2 20 21
1872 7 19 17 9 14 2 3 7
1993 6 1 30 21 19 25 11
561 4 17 3 14 26
1191 10 17 8 9 28 3 11 16 19 13 15
899 10 29 28 8 22 21 1 24 17 27 14
620 3 6 19 2
1964 10 10 18 2 22 5 8 1 14 9 7
1406 6 19 22 9 10 28 24
1575 4 4 2 22 30
1910 5 21 10 16 13 4
1027 4 4 8 14 23
952 5 30 11 12 26 8
202 6 30 17 14 18 27 2
1825 4 18 27 21 20
6
4 6 19 2 7
9 29 1 19 13 9 13 9 13 15
9 18 5 14 7 17 2 3 11 12
2 29 17
4 30 12 4 22
6 21 27 14 7 28 24
14
1669 9 30 27 2 26 5 18 13 16 19
964 8 20 15 10 29 11 28 13 1
1989 10 8 11 21 7 30 3 5 12 15 24
1024 7 22 7 28 15 14 13 1
579 5 25 15 4 13 19
1949 5 10 24 6 25 15
1576 7 8 11 4 19 3 15 26
1067 8 12 3 18 10 20 25 11 4
1328 7 9 8 29 30 22 14 27
1421 8 10 17 11 20 22 30 7 25
1451 3 14 16 2
538 4 6 24 29 7
1260 9 11 5 7 15 21 26 4 3 25
275 5 14 28 18 13 10
1
4 8 7 15 29
19
840 5 11 14 13 8 24
798 9 13 17 9 12 3 30 18 28 1
474 10 16 5 26 14 27 22 29 6 20 10
1101 9 18 4 26 2 19 5 13 8 21
828 3 15 2 11
243 9 27 3 8 28 14 2 29 22 7
822 9 11 9 29 21 25 10 2 14 4
636 4 2 19 6 29
51 3 29 15 2
756 4 29 11 4 5
1003 2 28 2
1566 8 22 10 30 5 8 23 7 3
1020 4 17 5 18 1
1523 8 13 1 26 28 20 23 8 14
106 7 1 7 9 11 12 20 6
1546 8 30 28 17 21 22 10 11 13
1077 8 2 22 19 24 4 8 6 20
1686 10 12 26 24 21 6 7 3 16 14 8
786 7 16 7 23 27 30 5 29
1
6 1 26 5 18 5 14
17
60 2 22 10
1969 4 17 9 15 12
794 10 21 22 5 16 8 7 2 4 27 9
433 6 13 5 30 26 11 15
541 5 20 28 14 26 12
1630 6 6 28 30 7 10 12
617 8 1 27 26 14 15 3 19 22
485 2 13 21
572 7 12 30 15 9 24 2 13
478 5 21 5 9 17 13
934 5 26 22 6 29 24
1578 6 28 23 15 16 4 18
1154 6 17 27 4 29 28 21
862 4 7 30 3 21
1703 6 19 27 14 29 25 8
423 5 3 12 27 16 14
1439 4 21 24 7 20
1
3 13 21 16
13
1948 8 27 30 28 19 20 22 4 1
1594 9 18 15 30 7 29 22 6 12 24
613 4 18 24 30 26
720 6 11 5 26 10 29 17
1724 7 29 17 23 7 12 27 15
734 6 27 28 14 22 25 4
1908 9 23 5 18 16 30 8 15 4 21
1809 4 12 5 11 16
541 8 11 23 5 21 17 29 27 1
874 6 4 22 12 1 26 21
838 9 26 19 10 27 4 13 14 6 22
1126 7 24 14 12 6 28 13 18
1848 10 13 14 8 11 2 24 20 4 10 30
7
3 29 17 27
3 4 22 12
6 23 27 4 13 14 6
5 13 18 15 4 6
4 13 14 22 1
8 13 10 6 24 12 1 21 17
9 18 21 27 30 4 1 26 21 29
16
1142 5 27 6 24 17 23
1419 4 19 11 29 30
363 7 12 13 7 28 8 4 3
513 6 17 28 13 14 16 20
1585 6 9 22 24 20 21 15
1477 7 20 6 14 10 25 24 22
489 5 4 16 18 22 6
1376 9 17 16 15 22 9 7 8 14 27
374 9 17 11 8 13 4 21 14 3 22
1676 9 30 25 21 12 3 20 22 28 14
748 6 4 27 20 13 1 8
1230 5 20 1 10 13 21
932 2 5 12
699 6 9 23 8 5 18 28
494 8 1 4 22 3 30 12 10 5
260 5 18 19 1 3 27
15
3 4 10 5
5 5 12 20 6 24
4 30 5 28 3
3 17 11 3
5 12 8 3 5 18
8 18 28 16 14 24 23 5 12
7 20 22 3 22 30 20 14
7 1 3 5 28 14 3 14
8 18 1 5 18 28 13 21 3
10 19 1 30 12 7 3 5 12 28 20
8 5 28 14 20 28 20 10 24
5 20 10 25 28 20
4 1 30 14 25
4 20 22 5 18
9 12 5 18 6 24 21 14 16 15
15
906 5 20 6 27 21 18
14 8 10 4 17 16 19 7 3 6
1073 10 8 21 12 28 23 4 16 10 19 9
417 7 8 23 25 14 7 3 9
1899 3 1 10 30
330 4 25 8 13 10
601 5 21 5 9 22 8
174 6 6 23 27 9 4 20
517 6 16 25 4 23 17 8
1453 7 6 4 16 15 30 10 12
1427 5 8 14 19 10 6
591 10 5 29 25 7 10 26 1 11 16 30
673 2 9 23
1693 7 23 4 5 1 18 10 9
1211 7 15 2 8 6 12 29 22
10
10 25 10 12 19 10 7 30 12 9 4
7 9 23 7 6 10 26 16
2 1 16
10 23 3 6 10 6 16 3 6 12 23
10 16 30 10 11 16 10 26 1 11 16
6 9 22 8 14 6 20
5 23 20 21 9 4
7 1 16 23 4 10 12 4
10 20 6 22 8 12 10 16 30 12 9
10 6 16 19 3 9 8 13 10 6 15
2
1459 10 14 16 27 21 3 22 1 19 26 24
921 10 26 3 13 5 4 16 19 24 28 22
2
2 14 1
2 26 3
14
147 10 25 8 6 5 27 18 26 2 30 13
1397 5 27 21 8 17 1
163 5 27 20 18 15 13
1889 9 24 7 11 30 13 1 20 15 8
1600 9 24 17 30 19 11 7 3 1 5
1219 7 7 26 13 9 17 25 4
1753 4 13 4 10 29
255 4 3 25 2 4
1659 9 21 28 20 14 9 23 16 10 12
682 4 10 26 18 3
1367 6 9 8 17 5 18 12
1021 5 5 16 29 2 26
627 2 7 24
23 10 3 1 14 11 25 8 7 28 21 29
5
2 7 17
5 3 2 4 29 26
3 5 29 2
9 21 1 14 9 17 18 3 25 18
5 24 30 7 1 14
17
434 5 15 7 14 2 10
1612 10 2 23 27 5 14 18 16 6 30 9
158 8 1 15 23 26 16 2 19 22
1942 5 7 9 15 29 21
1199 9 9 26 6 8 2 21 1 12 3
1166 10 26 25 7 14 1 20 15 23 28 27
1373 7 15 19 21 16 11 4 10
887 2 12 29
490 6 9 17 24 14 15 23
1842 5 23 8 1 20 22
1355 8 1 21 22 5 8 24 20 7
1354 5 28 30 20 29 17
1042 10 16 17 19 23 30 21 4 2 13 20
819 5 24 13 16 28 5
1517 8 18 16 19 23 3 21 13 5
1879 6 27 10 5 26 17 18
1668 8 17 7 4 12 1 19 6 27
10
10 15 23 19 21 8 2 30 17 19 2
3 15 27 17
5 23 13 5 16 3
4 18 16 11 4
7 27 17 1 7 27 30 9
3 24 5 16
2 24 14
10 16 19 27 26 1 21 20 27 26 23
7 28 29 17 21 1 16 5
6 18 30 13 20 17 19
19
1714 4 7 17 11 5
1907 2 27 1
252 3 17 21 5
1537 6 14 8 17 15 2 7
232 10 24 17 12 8 11 9 30 23 7 22
124 10 18 28 23 30 26 10 15 1 13 25
1911 8 5 27 25 8 14 11 4 9
97 10 29 15 7 27 10 9 16 3 5 4
181 9 16 21 8 30 23 15 10 3 14
1279 4 27 9 25 12
1256 10 9 15 2 7 28 1 26 19 4 12
758 7 19 10 5 27 14 3 9
1620 7 18 25 2 16 20 13 1
993 7 15 6 3 9 18 17 8
1549 2 11 17
1238 6 27 2 28 14 12 21
1286 2 22 27
439 7 1 18 24 30 27 13 4
1403 9 5 22 18 29 15 16 3 7 26
13
9 9 8 7 5 27 10 27 1 18
4 7 3 14 21
10 19 12 9 5 18 20 1 18 15 2
6 1 12 21 14 8 11
6 19 10 13 4 9 26
4 19 27 12 7
3 24 12 9
7 15 7 4 9 19 10 9
6 11 23 22 29 4 9
4 11 30 22 7
3 14 15 28
4 5 9 22 29
3 15 10 13
20
1593 3 22 23 7
1575 9 11 15 9 21 30 4 5 20 12
444 5 29 25 19 26 21
732 10 21 27 8 3 1 4 10 18 14 2
539 5 17 3 8 1 21
1557 9 6 14 1 16 29 2 23 22 15
1352 8 4 24 17 9 25 29 5 7
228 6 1 19 14 30 17 2
1274 9 22 26 11 10 24 6 8 19 1
1882 4 22 5 16 9
1503 6 14 16 6 27 11 29
49 7 23 18 4 26 20 5 22
352 8 10 30 21 11 2 7 23 24
1421 5 5 28 23 18 2
1475 8 3 27 6 10 17 1 7 15
900 10 9 16 15 27 25 11 14 26 18 2
1295 7 17 9 11 5 1 26 24
805 3 27 6 5
1777 8 13 9 25 2 29 16 7 17
1163 4 22 29 30 16
2
6 22 29 5 26 21 30
7 13 25 18 5 18 2 7
17
561 8 17 30 22 3 12 21 7 15
148 6 26 6 30 14 25 22
1078 10 11 29 23 25 13 28 21 7 15 12
520 7 12 28 22 16 29 17 1
86 6 3 28 27 9 12 4
1960 9 1 25 7 3 29 20 27 22 2
280 5 3 14 28 9 20
1270 4 15 17 5 2
378 10 9 16 1 18 27 13 11 3 14 29
951 10 8 13 3 20 17 28 10 5 30 21
1304 2 11 4
1442 9 18 13 9 7 11 25 30 27 1
1247 7 5 19 17 16 8 30 28
246 3 17 2 6
813 10 11 7 18 3 12 22 17 8 16 25
715 5 6 23 12 25 15
684 5 2 27 17 7 25
11
8 17 6 25 22 17 8 28 17
10 17 28 22 7 1 13 20 2 27 25
4 2 17 25 20
9 17 30 22 25 1 3 8 25 27
2 1 27
6 8 30 27 9 11 25
9 26 6 15 2 6 15 12 21 15
2 5 17
8 18 12 28 12 25 12 8 25
8 3 7 3 10 5 17 2 7
10 3 9 27 17 16 3 7 12 25 22
12
969 9 7 6 24 23 26 8 2 15 21
332 9 26 13 24 22 5 14 25 2 21
59 9 22 1 24 29 15 10 27 14 25
76 10 21 30 12 27 25 28 3 19 22 13
1371 10 24 4 12 1 7 27 30 15 17 3
475 8 19 1 13 6 9 10 17 2
1079 7 10 13 19 28 30 24 23
1915 6 21 6 11 17 8 22
740 5 24 7 1 6 26
374 2 15 20
1734 6 21 26 10 3 4 9
1536 7 27 25 13 4 26 3 21
4
2 10 24
4 22 25 19 28
10 19 13 10 28 23 26 14 25 4 30
4 27 13 19 22
20
217 4 5 9 19 7
97 5 14 9 29 24 20
1410 4 19 3 28 12
1892 6 17 16 21 24 20 25
1813 2 10 16
319 2 11 4
927 2 4 20
1440 6 14 19 3 28 26 23
947 6 12 8 13 9 10 16
988 5 11 7 18 6 20
1126 9 14 3 27 23 24 12 17 13 20
1713 3 21 17 9
1051 6 24 1 18 17 7 4
1495 5 27 15 5 20 26
1585 9 28 10 6 3 22 27 4 25 12
1241 3 13 14 26
1211 10 4 3 30 15 18 17 20 16 21 22
1599 9 20 10 6 8 9 27 16 19 28
1208 9 2 8 18 13 17 25 23 3 5
171 9 11 9 4 27 16 10 18 21 23
4
6 2 3 18 4 17 7
6 4 18 17 7 4 17
5 27 16 25 3 22
10 20 16 10 6 9 10 16 22 4 30
12
216 7 20 25 14 9 18 17 13
1219 2 18 22
1042 8 25 3 23 5 19 15 22 10
758 4 18 19 22 2
1239 7 16 18 10 11 25 24 14
1635 10 5 4 1 22 25 27 21 11 3 6
674 10 8 26 10 9 21 3 20 2 25 14
959 4 3 14 16 9
70 9 30 7 27 25 19 21 1 4 18
1311 9 14 10 13 23 28 21 16 6 30
600 3 10 30 22
1461 10 16 8 10 30 3 26 17 29 23 25
8
3 8 30 25
7 25 14 16 25 11 25 5
3 5 19 18
4 25 18 13 23
9 8 23 15 22 21 14 13 21 30
5 16 26 29 25 3
7 20 14 21 11 6 30 27
7 20 14 21 4 1 6 30
19
531 3 12 29 2
1845 2 11 29
1294 3 19 6 12
143 7 15 21 22 1 12 17 2
583 2 5 16
1304 8 14 26 18 24 25 28 29 9
1067 5 20 18 11 15 30
1221 7 14 26 23 25 4 7 16
229 10 12 10 28 20 22 17 16 13 3 11
1382 2 27 12
351 4 5 2 14 20
56 8 1 4 24 30 13 12 26 6
319 10 23 10 2 18 30 7 4 29 27 17
1393 6 5 23 22 8 2 12
1415 2 28 13
1597 9 3 17 8 22 20 18 24 10 5
1421 7 19 22 4 9 30 10 21
1241 8 16 21 4 8 1 7 3 30
938 7 8 5 7 6 27 4 12
1
10 23 12 6 12 2 14 26 28 20 11
19
485 7 18 22 17 4 7 6 8
307 6 9 7 4 10 29 15
1065 7 27 10 24 21 6 19 30
1148 6 5 17 15 26 6 24
510 5 11 29 30 19 6
918 4 23 2 5 4
1335 9 6 16 23 28 24 13 4 1 2
1527 2 14 13
1469 10 6 11 17 4 5 23 19 21 18 8
654 3 7 20 3
287 9 8 2 23 25 30 17 6 15 22
1738 8 20 18 21 29 23 14 28 25
1903 10 17 29 27 10 26 23 2 13 7 12
589 9 26 23 11 28 7 21 19 15 13
82 9 17 28 25 27 30 22 23 15 26
1358 7 25 1 15 4 29 30 17
934 4 15 8 24 2
483 6 1 28 14 12 9 6
1667 5 2 13 27 25 11
17
8 27 24 1 12 6 4 2 5
3 15 26 15
4 18 28 25 30
9 23 2 30 17 4 2 25 4 17
5 23 25 22 23 19
5 5 18 23 19 8
7 5 26 19 21 28 13 27
3 15 26 21
8 11 6 28 25 11 5 17 15
10 6 5 21 18 14 13 4 15 13 12
5 1 14 9 10 21
6 7 4 19 13 12 9
3 18 21 23
6 20 14 6 2 22 8
3 25 22 23
10 18 14 12 6 11 19 18 28 1 28
4 17 28 13 25
20
1402 9 24 4 21 23 22 3 26 7 14
202 3 10 27 9
1884 4 12 4 18 11
960 7 14 8 12 26 29 9 27
1656 3 9 30 24
1979 6 2 24 18 25 28 19
1822 9 28 21 29 12 4 5 14 23 30
715 8 5 26 21 14 29 10 9 17
397 3 16 28 26
1691 6 17 21 4 2 1 13
1060 10 5 6 22 1 20 25 13 19 27 23
139 8 15 28 2 27 6 10 7 5
1333 10 10 30 29 13 25 24 17 18 23 7
1613 7 10 24 29 4 20 18 6
107 5 3 25 9 8 29
433 6 4 9 14 13 15 18
1632 7 27 15 5 8 6 29 12
1403 9 19 1 11 6 26 21 16 5 25
1762 3 1 25 12
559 3 25 6 9
8
5 25 28 7 5 30
6 16 26 16 5 10 13
8 16 5 20 19 16 28 19 5
4 10 9 8 12
6 27 10 5 29 12 29
2 4 2
3 3 25 27
8 14 29 14 8 29 5 29 25
16
1506 8 5 23 25 1 18 29 15 14
799 8 20 5 23 6 11 26 14 27
1318 7 20 8 10 12 18 28 17
1029 8 22 21 17 25 12 27 24 26
743 8 15 21 20 16 14 17 22 29
443 2 23 25
285 5 3 27 19 15 16
1761 4 28 19 24 27
586 6 16 4 13 24 1 21
1206 2 18 6
1446 7 23 3 1 4 26 12 25
1202 7 6 29 21 15 22 9 8
1649 9 1 3 28 21 2 19 9 13 16
917 3 17 26 16
1236 8 17 1 13 8 25 29 16 18
1768 8 21 25 13 1 8 26 10 12
3
4 16 14 22 12
6 20 10 12 27 15 9
5 16 14 17 24 1
17
1031 10 29 30 17 23 8 11 5 21 4 10
671 10 10 4 28 11 27 22 29 12 30 9
1504 7 12 28 22 17 20 27 3
624 10 11 29 5 13 10 14 2 27 17 3
1861 7 25 3 8 12 13 24 22
1137 8 13 24 14 15 26 5 9 19
1508 3 29 20 13
1026 2 24 1
221 5 29 30 19 7 6
324 9 17 8 18 1 5 11 25 6 28
1561 4 13 30 21 28
1639 7 19 26 5 20 29 27 16
1314 5 5 25 21 18 19
1831 7 2 27 6 23 9 29 25
581 10 24 20 9 29 15 14 2 23 3 19
1844 9 16 24 15 21 25 26 29 11 23
432 2 18 10
9
3 12 28 27
6 24 15 9 2 6 28
4 11 2 29 19
10 17 4 12 28 22 9 25 26 16 11
7 19 29 12 20 27 9 29
7 12 13 10 12 30 23 11
9 12 9 14 3 12 20 23 4 9
10 13 24 1 6 28 27 29 6 28 22
7 2 6 25 13 22 9 14
18
754 7 14 2 23 9 30 25 5
1315 10 14 9 22 28 17 7 25 15 19 29
1416 9 24 25 17 8 12 29 3 30 22
528 5 8 18 12 1 16
1476 7 13 21 17 7 1 4 15
647 3 11 19 12
273 8 20 5 9 17 19 23 24 6
1277 10 23 26 7 2 27 24 16 13 11 8
1829 3 18 8 22
872 5 1 27 14 20 4
60 4 14 30 9 18
688 10 6 9 13 23 19 8 22 10 1 15
1804 7 10 29 24 11 18 15 22
1350 5 10 24 5 13 16
498 4 19 11 30 18
553 4 21 25 19 28
873 8 6 26 2 8 13 3 10 17
1175 7 19 16 1 7 18 6 23
3
8 19 10 17 8 13 11 30 18
10 13 10 11 15 19 16 7 19 7 1
3 19 11 30
20
962 2 20 28
241 9 28 2 19 6 15 9 29 18 21
801 8 10 14 3 22 5 15 29 20
718 5 18 3 9 12 22
14 4 22 5 6 17
987 3 19 7 25
1270 2 28 25
1737 9 19 22 15 17 10 26 4 18 6
53 5 30 10 3 5 12
840 8 2 8 28 25 9 26 16 20
648 7 19 10 1 13 7 6 29
504 5 13 23 28 21 17
584 8 21 10 11 26 8 22 5 23
167 4 27 7 14 2
331 2 20 14
789 5 4 25 8 1 19
1437 3 5 23 24
1926 5 7 8 30 15 3
1941 3 10 5 17
115 5 17 30 19 14 29
4
9 7 6 9 22 18 9 18 6 29
6 20 14 2 9 18 9
8 27 14 2 9 12 22 5 29
4 18 6 29 20
15
306 6 24 21 4 15 3 5
483 8 9 17 4 5 22 19 21 12
1543 7 3 16 7 2 12 25 8
1256 8 13 10 4 23 30 15 1 14
893 7 30 13 12 10 6 1 25
166 10 19 18 29 30 15 10 1 20 23 21
184 6 12 23 18 30 27 16
1533 7 24 7 30 23 22 8 9
233 3 19 24 18
29 7 4 11 20 6 26 10 1
1506 9 13 15 10 1 22 7 11 9 27
975 7 4 9 11 13 24 22 6
952 5 14 8 19 15 25
1748 9 22 27 15 23 9 4 28 21 3
1416 8 8 30 17 2 25 22 6 21
9
6 14 25 8 21 15 1
4 12 1 23 4
5 24 15 1 23 4
5 19 30 10 15 7
4 24 22 9 11
4 24 7 12 23
2 30 14
5 30 25 21 12 16
6 19 21 5 12 18 27
2
296 3 6 26 13
237 9 19 8 26 13 4 28 17 1 6
1
2 19 8
19
1609 7 1 12 6 18 16 7 20
1507 9 19 12 25 8 24 13 17 21 26
281 4 11 24 7 23
25 6 17 5 24 30 29 21
1260 10 24 22 4 27 16 25 1 29 15 2
55 10 25 11 3 7 19 6 24 15 18 17
695 3 27 13 25
1051 4 5 12 19 6
1035 7 19 15 20 18 17 25 21
1481 10 20 5 19 10 11 2 3 21 8 27
1409 7 13 3 30 22 12 21 27
751 10 25 17 9 1 24 10 29 28 5 13
1575 6 15 5 6 23 11 10
709 3 3 11 19
156 10 15 5 16 27 22 4 20 2 23 7
1416 5 1 4 3 12 18
1654 4 9 5 2 7
493 10 21 8 13 5 18 11 4 30 3 2
1872 10 18 29 8 25 12 21 16 22 15 19
8
4 24 1 5 22
3 18 8 19
9 25 1 18 25 28 5 24 18 16
6 11 19 21 8 21 11
6 25 18 20 17 24 29
6 25 18 16 22 23 7
6 19 18 29 28 13 3
7 1 7 18 30 12 15 11
20
1741 10 29 20 22 1 24 30 16 18 15 14
1001 8 30 24 8 10 2 20 5 16
558 5 2 22 19 17 5
950 2 29 4
385 7 2 27 20 24 16 28 12
744 2 7 22
1660 7 16 19 29 27 12 14 11
1494 3 29 27 19
64 2 9 10
351 10 16 13 4 6 22 11 20 25 10 15
237 7 25 15 17 12 24 13 20
1369 10 11 25 19 15 7 4 3 26 9 30
1252 4 11 9 7 4
955 7 22 5 9 24 3 11 2
1107 2 6 26
873 9 22 8 27 28 15 10 18 5 12
328 9 21 3 12 7 11 9 4 20 25
1542 5 25 3 13 5 17
131 3 7 24 17
1353 2 11 4
3
7 7 4 30 2 24 16 10
4 2 16 14 11
7 16 25 13 20 24 30 16
19
568 3 29 8 10
652 3 28 15 5
807 9 6 15 14 10 26 11 21 28 16
1904 10 7 24 5 8 30 12 26 22 21 13
1336 5 19 13 10 12 29
1105 9 16 19 8 24 22 9 7 26 17
1053 8 23 22 9 27 4 11 14 10
1364 9 9 21 5 6 4 17 12 27 19
1376 5 8 21 12 1 24
1756 10 7 17 8 20 25 2 15 9 29 21
272 7 9 18 3 6 26 21 13
589 8 3 19 7 21 1 18 16 14
1064 2 27 26
1171 2 14 9
155 8 1 13 9 25 21 19 7 15
841 9 7 2 4 28 8 21 5 14 24
1652 6 26 20 22 4 19 18
903 9 9 24 30 27 2 1 20 5 17
77 6 3 4 20 12 6 28
20
3 26 4 11
6 19 7 1 9 7 14
9 29 8 22 13 7 8 21 18 16
8 27 5 27 10 11 28 8 1
7 8 25 2 5 12 28 16
9 23 10 26 20 29 8 13 21 4
6 23 10 12 6 15 29
9 1 17 29 8 9 1 21 5 13
10 27 20 9 25 2 28 5 12 13 15
5 8 24 7 17 12
5 6 13 12 24 8
8 9 27 17 2 4 21 6 21
3 6 13 15
6 7 22 14 16 22 19
9 26 19 7 1 15 9 21 1 14
9 9 5 13 29 21 6 21 27 17
6 29 8 26 20 6 21
10 26 19 22 13 15 21 14 10 21 15
2 14 11
2 3 18
14
2781 5 32 17 29 38 34
1422 10 39 4 17 13 36 30 8 24 12 10
4313 10 10 27 8 1 13 35 11 25 4 20
838 8 35 19 1 25 17 33 40 31
2324 9 33 30 18 14 20 28 15 39 7
1416 6 30 34 7 31 37 25
3954 4 32 19 9 38
691 7 28 30 37 22 23 34 24
2312 7 19 9 17 37 27 2 35
4830 10 22 8 15 14 1 23 9 38 13 39
1633 2 17 39
3950 6 18 37 40 5 14 36
420 7 38 31 10 5 40 34 14
467 9 24 33 20 16 40 34 13 10 9
2
5 22 9 17 8 39
10 24 10 25 33 16 10 35 19 35 11
13
188 9 28 32 7 26 37 19 34 10 35
3835 3 2 19 38
1441 10 1 12 7 27 14 21 23 4 26 13
693 9 20 15 8 32 30 21 16 37 2
924 3 3 24 38
31 8 11 3 17 12 34 16 33 2
4984 8 18 14 17 20 12 5 1 7
4839 4 6 19 4 10
1909 9 10 25 34 39 2 16 40 6 33
22 8 6 14 28 19 11 38 22 12
366 2 37 10
266 5 1 17 30 40 29
4295 4 35 13 1 33
1
5 18 12 27 23 13
8
3385 4 14 20 19 8
3161 2 7 11
3205 5 19 10 15 14 40
3686 8 15 2 24 1 14 32 22 6
3348 6 28 27 12 2 32 31
249 9 23 22 5 16 24 34 14 18 27
3163 3 40 7 31
4439 3 27 1 17
1
4 14 20 19 40
20
3291 8 19 24 30 39 11 5 13 33
451 6 23 38 5 21 12 36
4864 6 25 22 3 14 15 18
1554 2 12 21
3544 6 12 22 27 31 40 34
822 10 40 16 4 25 28 24 34 33 23 3
1729 6 15 12 27 11 1 23
756 10 4 9 21 11 40 34 16 5 35 17
3341 4 6 26 3 10
1143 9 24 36 19 27 29 15 10 38 40
2827 10 20 25 14 8 30 29 31 37 18 10
2072 5 27 17 5 1 18
3150 6 8 11 36 22 3 23
4599 9 1 5 34 12 28 27 10 32 2
1946 7 36 29 32 22 37 1 31
987 5 11 4 16 18 5
197 6 22 32 35 10 29 39
1986 2 36 9
1491 8 32 20 4 24 34 22 28 26
3665 8 39 22 18 11 2 34 33 28
1
9 4 21 5 36 9 34 28 3 14
20
4054 7 35 24 31 10 17 39 13
2103 6 9 12 36 11 29 38
625 2 2 36
4208 6 2 11 24 40 33 28
3287 5 37 10 18 17 2
2101 3 38 22 37
519 10 10 27 16 5 30 40 15 6 26 36
2257 4 3 25 10 20
3101 9 23 1 17 2 32 36 22 12 14
186 9 30 22 12 8 40 11 17 19 29
1664 8 14 11 30 37 17 10 15 1
3883 7 30 29 21 12 39 8 37
2940 2 4 20
1242 7 27 15 22 3 13 29 14
3980 7 28 15 23 25 14 8 5
570 9 18 6 10 37 33 32 15 20 1
2268 9 22 37 15 29 13 21 31 20 28
3851 5 15 16 35 7 9
776 3 23 2 21
3499 3 7 5 27
7
4 9 29 21 8
7 35 13 21 31 28 25 14
8 9 12 11 28 23 14 17 36
4 7 27 3 25
3 23 14 17
2 28 5
5 3 13 29 13 14
11
2258 2 12 5
3838 2 12 16
141 10 19 2 30 12 9 15 11 18 17 37
1115 8 37 12 33 19 18 39 22 25
3095 4 24 16 33 7
1132 8 14 27 22 32 7 2 25 9
1439 4 17 35 39 4
1560 5 36 2 39 32 19
3886 8 38 31 32 12 5 6 10 23
1789 4 24 30 27 33
680 8 1 25 5 8 16 33 17 22
1
3 37 18 37
14
2458 4 25 9 15 26
3361 4 28 3 37 22
3298 7 25 5 27 15 28 6 33
4410 7 37 12 10 21 34 32 25
147 6 31 28 3 2 15 20
2460 2 3 24
1568 4 36 6 32 15
4851 7 25 5 37 1 38 40 22
2930 8 35 30 4 29 11 3 2 16
4040 6 40 13 31 4 16 5
1273 9 17 23 13 5 35 30 15 36 20
3577 6 18 13 3 26 40 21
1203 7 31 12 9 11 33 25 27
4797 6 39 25 38 21 13 3
2
2 36 6
2 17 13
19
1220 6 19 26 17 4 16 2
465 10 37 26 29 36 24 8 22 28 40 11
847 7 24 2 34 18 39 13 12
4274 4 26 16 27 4
4261 9 19 37 25 33 6 24 31 23 35
929 5 38 22 32 17 39
1700 10 16 37 6 11 40 21 30 35 18 24
3085 8 5 4 18 7 23 30 17 8
4937 7 3 28 36 38 12 32 33
3806 7 40 11 21 31 10 13 30
1607 8 29 10 16 38 4 20 30 25
272 3 7 27 8
2511 3 35 1 17
3527 6 21 40 35 23 26 13
3447 5 16 4 13 26 22
893 2 34 30
2129 4 1 19 12 22
4781 9 8 7 32 4 24 12 33 35 15
2477 9 6 1 27 28 18 25 40 9 30
4
5 19 26 22 40 23
5 21 13 12 33 23
6 26 13 30 24 34 18
6 26 22 40 24 35 23
20
3075 5 22 25 7 20 34
547 8 19 24 39 27 36 16 10 18
3584 2 4 13
2616 5 38 16 7 24 31
2143 5 14 32 4 10 33
3780 6 34 1 8 27 32 37
710 6 19 38 36 31 11 30
2921 3 11 6 37
2769 4 33 8 21 30
4162 9 13 21 36 3 28 14 12 39 40
2438 9 5 28 33 34 19 38 31 1 29
667 8 20 40 13 15 28 34 26 22
4563 7 35 9 39 15 32 6 29
3531 8 22 26 39 16 37 24 4 35
345 7 6 26 11 13 7 15 36
3663 6 40 16 1 6 17 37
1214 6 17 21 27 5 24 35
3145 10 4 27 17 13 20 40 34 31 26 30
4793 3 38 26 3
240 6 30 32 40 18 22 7
4
3 20 26 3
5 22 7 15 36 10
8 30 18 7 36 3 28 26 15
2 13 15
18
367 8 20 33 22 23 40 29 31 24
3588 2 7 6
2521 2 18 26
2451 7 25 14 21 34 27 23 26
4812 3 14 19 6
4668 3 5 21 9
408 9 18 20 3 38 15 1 14 30 23
3290 8 17 33 15 40 37 29 39 19
3545 8 16 30 28 40 21 29 8 27
3756 9 24 30 9 39 28 23 2 18 31
3174 6 19 31 24 28 11 7
1116 5 17 11 25 19 4
3460 8 12 32 21 7 17 2 39 23
4811 4 29 18 32 5
4172 4 1 20 19 25
480 4 13 1 27 24
1289 3 6 18 12
3589 8 1 24 10 33 26 35 32 39
1
3 7 6 12
18
49 2 28 14
505 8 30 9 37 40 23 21 20 25
309 7 27 7 32 13 15 8 12
267 7 35 38 15 28 24 27 14
23 2 26 8
724 5 25 28 29 7 6
433 10 12 24 9 32 33 30 15 28 37 31
389 10 39 34 36 18 30 25 32 31 12 16
302 8 4 23 37 7 16 15 22 17
772 10 28 12 16 15 37 8 14 25 20 7
494 2 37 30
382 10 16 39 4 3 10 6 35 23 28 18
345 5 36 2 10 6 38
676 5 5 33 30 28 9
160 9 22 8 6 18 40 4 34 3 27
677 9 38 40 17 12 13 16 23 33 4
345 4 24 4 2 3
561 3 21 33 36
7
8 27 15 31 16 14 25 29 6
4 22 4 3 28
2 38 24
2 38 24
4 39 6 23 25
4 24 28 6 3
9 12 32 12 16 25 16 4 23 25
20
596 10 25 18 2 24 22 6 19 1 38 23
678 6 23 12 20 9 26 5
334 5 20 1 30 9 21
669 7 3 18 23 28 31 32 11
780 5 26 16 38 19 13
68 6 21 8 40 15 1 36
264 7 19 25 15 18 37 16 36
153 10 29 4 30 32 20 28 13 17 2 38
447 2 14 26
178 7 38 13 35 4 28 25 7
354 8 15 26 11 40 16 35 38 17
289 8 7 38 17 27 22 15 16 37
471 4 20 4 3 1
197 7 28 25 8 2 23 1 17
154 9 28 15 33 40 26 5 36 21 29
395 8 2 17 8 13 34 38 16 21
28 2 23 20
779 5 38 18 2 1 17
693 8 23 29 27 15 7 32 37 11
23 2 9 15
1
5 19 16 35 28 23
10
712 10 9 16 7 37 4 2 39 32 27 29
773 7 21 39 3 28 7 32 14
759 5 19 35 37 26 8
530 4 4 24 29 17
356 8 33 3 32 30 35 16 23 21
289 7 16 29 22 33 8 37 10
40 2 36 37
247 3 32 3 11
216 4 31 24 28 3
617 2 21 31
1
2 21 28
13
399 3 1 4 10
585 4 40 20 36 25
595 9 5 31 33 21 2 1 39 36 3
453 10 39 38 36 28 6 8 20 16 4 5
156 6 8 27 31 18 2 21
101 3 11 39 8
629 4 4 10 38 15
702 10 15 37 38 25 17 20 11 13 39 3
19 9 38 35 17 20 39 10 27 30 28
790 8 24 7 40 8 37 25 2 30
233 2 29 18
695 4 27 1 7 36
158 4 5 24 2 15
1
7 24 15 39 10 27 2 21
14
474 5 20 2 17 13 7
343 9 3 2 6 17 10 8 16 7 9
297 7 15 17 1 16 5 9 6
506 9 19 5 7 17 14 13 16 18 10
331 3 4 11 18
327 4 1 18 11 9
22 9 14 6 1 3 4 18 12 17 9
153 9 18 16 15 1 20 13 6 3 19
692 4 13 9 6 1
120 5 4 16 19 14 11
149 2 13 19
122 9 15 19 11 8 2 7 13 16 3
447 3 15 13 7
239 8 12 3 16 11 9 5 15 13
12
8 1 3 9 5 6 1 18 19
2 14 6
4 4 11 7 10
5 1 17 10 8 16
2 13 1
8 20 17 9 5 18 15 13 19
3 19 14 17
4 18 20 13 6
5 19 3 8 2 17
6 15 5 14 11 9 6
3 19 13 10
10 4 18 9 13 6 17 16 9 15 1
17
140 6 18 13 16 15 5 10
72 6 13 10 4 11 12 6
412 9 4 19 7 15 12 5 20 1 18
69 6 14 10 3 4 19 8
612 7 7 1 15 3 19 6 8
68 8 8 4 14 16 2 9 5 12
675 7 19 1 13 8 5 6 15
581 7 10 12 15 19 7 4 8
482 5 3 2 8 14 17
705 9 18 2 8 13 12 20 15 14 5
162 9 13 19 12 6 8 15 18 9 10
278 2 12 9
392 5 18 16 15 20 14
310 10 17 2 7 10 11 5 6 3 14 15
269 7 9 6 12 5 19 20 7
196 9 6 2 19 5 15 20 11 12 3
80 8 18 19 2 13 15 3 20 7
8
3 18 10 8
7 10 14 10 6 15 19 1
9 17 11 14 15 1 18 5 6 15
6 3 8 6 15 18 19
2 13 15
9 6 11 5 15 10 19 15 3 15
3 13 19 18
10 10 4 7 14 12 18 10 12 18 14
11
269 6 10 1 17 20 7 9
441 2 7 9
113 2 7 6
618 5 8 6 19 12 10
198 8 9 15 3 5 4 14 16 12
724 6 15 9 7 12 6 2
336 8 2 9 15 7 11 12 13 16
207 9 9 16 7 10 11 13 4 12 5
623 3 8 17 7
359 3 3 12 6
229 7 20 18 17 7 15 8 12
1
4 9 12 5 14
14
554 2 18 9
568 5 16 11 20 5 9
686 8 14 7 1 17 18 6 9 10
518 8 5 20 19 18 13 2 12 15
230 5 18 12 16 8 4
602 4 1 14 3 7
653 9 18 15 7 10 1 17 4 20 12
99 7 3 16 15 10 5 14 19
546 3 1 9 18
409 4 16 10 5 11
549 9 5 16 4 10 13 20 17 2 12
300 10 11 15 12 19 10 2 3 5 1 14
546 9 19 20 1 6 13 7 14 9 3
689 10 18 16 13 20 17 3 14 10 6 2
1
10 11 10 1 9 10 2 5 20 5 20
18
163 2 3 14
769 9 14 3 16 4 11 13 19 9 6
236 9 14 1 2 11 20 10 12 7 15
800 3 3 15 18
442 4 9 15 10 20
466 10 3 15 10 20 2 19 8 4 13 16
378 8 12 15 7 4 6 1 3 20
484 3 9 18 4
414 3 12 17 8
261 6 5 7 1 4 9 14
269 6 9 20 12 14 11 4
695 10 17 7 4 3 9 18 16 14 15 8
500 10 8 18 9 5 10 15 11 4 17 1
470 2 18 16
571 6 18 14 1 4 3 7
612 4 5 8 6 11
177 10 2 4 8 9 18 12 19 13 20 3
719 8 12 17 20 3 1 10 13 11
4
10 17 13 9 20 12 3 13 16 6 1
8 14 4 19 4 14 10 20 7
4 3 2 20 1
10 3 11 6 20 19 6 3 14 11 9
18
82 5 13 5 18 2 1
72 8 19 11 17 14 3 9 18 4
585 7 9 8 1 7 13 16 4
506 5 6 3 19 18 7
108 3 20 2 11
181 10 20 16 17 10 13 15 6 7 14 19
97 8 1 10 4 14 5 7 11 19
279 4 7 9 11 3
690 2 18 5
422 5 9 3 19 8 11
118 6 10 12 1 14 15 16
57 9 16 11 3 8 7 17 1 12 4
229 5 18 16 1 5 10
18 8 16 7 13 8 3 18 15 20
317 4 13 2 4 16
483 10 16 15 11 5 13 8 12 4 1 3
663 8 17 3 9 15 4 1 8 10
600 6 11 10 16 5 3 19
13
3 1 12 4
2 6 3
7 10 19 3 9 3 10 15
6 11 4 10 14 11 1
7 6 14 19 11 3 18 1
8 10 14 5 1 13 2 11 4
7 10 4 8 11 4 1 10
3 20 19 11
8 17 1 11 3 8 18 5 3
5 10 16 4 10 19
4 16 1 4 1
9 11 4 10 1 4 7 20 13 1
4 13 16 13 14
16
511 4 12 6 16 14
110 8 3 13 7 8 11 6 14 18
297 2 18 17
577 10 3 13 14 10 19 20 17 8 18 5
748 6 8 7 13 5 16 20
439 9 5 15 1 6 4 8 11 17 14
475 6 12 6 14 13 19 7
67 3 12 16 7
336 5 6 17 9 16 3
359 3 12 5 20
261 6 4 12 14 2 17 1
146 9 14 3 17 12 4 16 18 11 5
462 6 12 16 7 15 1 8
347 9 1 15 17 2 14 18 11 3 19
670 8 14 6 17 11 7 8 9 13
675 3 6 18 11
15
3 3 11 6
9 8 20 8 5 6 14 3 4 14
2 6 11
4 12 16 15 18
5 6 7 5 14 17
9 5 14 13 16 5 17 9 13 8
2 12 11
2 8 11
9 4 8 11 19 8 6 9 3 8
9 5 4 18 11 13 18 5 11 9
6 1 8 13 19 20 8
5 14 1 4 12 1
6 12 7 8 9 3 18
4 4 14 18 11
9 12 13 5 11 7 9 13 6 9
20
745 6 13 2 12 3 19 10
95 10 17 14 19 5 18 9 16 4 2 10
161 5 3 4 15 9 13
197 4 3 16 17 20
127 9 8 4 11 16 12 19 18 7 1
581 7 18 8 5 3 4 2 10
715 6 11 6 3 17 9 13
550 6 17 16 15 20 6 19
329 5 10 2 13 18 1
233 9 12 19 16 20 15 5 13 6 8
348 5 6 19 11 13 20
393 4 13 6 1 10
376 10 6 16 14 18 5 10 4 20 1 8
251 2 2 4
719 6 11 7 6 15 20 8
198 4 9 17 11 6
461 5 18 16 17 5 7
17 7 13 17 16 20 15 6 19
32 10 3 16 1 8 11 17 9 15 14 5
253 3 17 19 20
5
2 18 10
7 17 19 13 6 20 15 13
10 12 20 8 4 10 1 11 1 9 4
3 3 9 10
4 18 16 5 2
0
